020332
020333
020334
020335
020336
020339
020340
020341
020342
020344
020345
020346
020348
020349
020350
020351
020352
020359
020360
020361
020363
020364
020365
020367
020369
020370
020374
020375
020378
020379
020380
020381
020382
020383
020384
020385
020386
020388
020389
020390
020391
020392
020393
020394
020395
020396
020397
020398
020399
020400
020401
020402
020403
020404
020407
020408
020409
020410
020411
020412
020413
020414
020415
020416
020417
020418
020419
020421
020422
020423
020424
020425
020426
020427
020432
020433
020434
