020041
020042
020043
020044
020045
020046
020047
020048
020051
020055
020056
020057
020059
020060
020062
020075
020076
020077
020078
020079
020080
020081
020082
020083
020084
020085
020086
020089
020090
020091
020093
020094
020095
020096
020097
020098
020099
020100
020101
020104
020105
020107
020108
020111
020112
020113
020114
020116
020117
020118
020119
020120
020121
020123
020124
020125
020126
020127
020128
020129
020232
020234
020235
020236
020238
020239
020240
020241
020242
020243
020244
020245
020246
020247
020248
020249
020251
020252
020253
020254
020255
020256
020257
020258
020260
020263
020264
020265
020266
020267
020282
020283
020284
020285
020286
020287
020288
020289
020290
020291
020292
020293
020294
020297
020298
020299
020300
020302
020303
020304
020308
020309
020312
020315
020316
020317
020321
020322
020323
020324
020325
020326
020327
020330
020494
020497
020498
020499
020500
020502
020503
020504
020505