020014
020015
020017
020018
020019
020026
020027
020029
020030
020031
020032
020033
020036
020038
020039
020041
020042
020043
020044
020045
020046
020047
020048
020051
020055
020056
020057
020059
020060
020062
020075
020076
020077
020078
020079
020080
020081
020082
020083
020084
020085
020086
020089
020090
020091
020093
020094
020095
020096
020097
020098
020099
020100
020101
020104
020105
020107
020108
020111
020112
020113
020114
020116
020117
020118
020119
020120
020121
020123
020124
020125
020126
020127
020128
020129
020131
020132
020133
020134
020135
020136
020137
020138
020139
020140
020141
020142
020143
020144
020145
020148
020149
020150
020151
020152
020153
020154
020155
020156
020157
020158
020160
020161
020162
020163
020164
020165
020166
020167
020168
020169
020170
020171
020172
020173
020174
020175
020176
020177
020178
020179
020181
020182
020183
020184
020185
020186
020187
020191
020192
020193
020194
020195
020196
020197
020198
020199
020200
020201
020202
020203
020205
020207
020208
020209
020214
020215
020216
020217
020219
020220
020221
020222
020223
020224
020225
020226
020227
020228
020229
020230
020231
020232
020234
020235
020236
020238
020239
020240
020241
020242
020243
020244
020245
020246
020247
020248
020249
020251
020252
020253
020254
020255
020256
020257
020258
020260
020263
020264
020265
020266
020267
020269
020270
020271
020272
020273
020274
020275
020279
020280
020281
020282
020283
020284
020285
020286
020287
020288
020289
020290
020291
020292
020293
020294
020297
020298
020299
020300
020302
020303
020304
020308
020309
020312
020315
020316
020317
020321
020322
020323
020324
020325
020326
020327
020330
020332
020333
020334
020335
020336
020339
020340
020341
020342
020344
020345
020346
020348
020349
020350
020351
020352
020359
020360
020361
020363
020364
020365
020367
020369
020370
020374
020375
020378
020379
020380
020381
020382
020383
020384
020385
020386
020388
020389
020390
020391
020392
020393
020394
020395
020396
020397
020398
020399
020400
020401
020402
020403
020404
020407
020408
020409
020410
020411
020412
020413
020414
020415
020416
020417
020418
020419
020421
020422
020423
020424
020425
020426
020427
020432
020433
020434
020435
020436
020437
020438
020439
020440
020441
020442
020448
020449
020451
020453
020454
020455
020456
020457
020458
020459
020460
020461
020464
020465
020466
020467
020468
020469
020470
020471
020472
020473
020474
020478
020479
020480
020481
020482
020483
020484
020485
020486
020488
020489
020490
020492
020493
020494
020497
020498
020499
020500
020502
020503
020504
020505
020506
020507
020508
020509
020510
020512
020514
020515
020516
020517
020518
020519
020520
020521
020522
020523
020524
020525
